2
2
2
4
6
6
8
8
15
17
18
18
21
21
24
25
29
29
30
32
32
35
35
37
37
38
39
40
41
43
44
45
47
47
48
48
50
50
50
50
51
51
51
51
51
54
54
55
55
57
57
58
58
59
59
60
60
67
68
69
69
70
70
71
72
72
73
73
75
75
75
76
77
77
78
78
79
79
79
80
81
82
82
84
85
86
89
89
90
91
92
92
92
93
93
93
95
95
96
99
101
101
103
103
104
107
107
109
110
111
111
111
111
112
116
116
117
117
118
119
121
121
122
122
123
124
125
125
127
130
131
132
133
133
133
136
136
138
139
143
146
147
147
149
150
151
152
152
153
154
154
156
157
157
158
159
159
160
161
166
166
169
170
170
171
172
173
173
173
173
175
177
179
179
179
181
182
183
184
185
185
186
187
190
190
193
193
194
196
197
197
197
198
200
200
200
202
204
205
205
207
207
207
209
209
210
211
212
213
214
215
216
217
218
221
221
221
221
221
224
225
228
229
230
230
231
232
232
235
236
239
239
240
241
241
242
242
243
243
245
245
246
246
250
251
252
255
257
259
259
260
260
261
262
262
263
264
264
264
265
265
267
269
269
270
271
271
271
273
274
275
277
279
279
279
284
285
286
287
287
287
287
288
288
291
291
293
294
294
296
299
300
301
304
305
307
307
307
308
309
310
312
314
316
317
318
320
320
320
324
325
325
325
329
330
331
333
335
336
338
338
339
340
340
342
342
343
344
346
346
347
348
348
349
350
350
352
352
353
353
354
355
357
358
358
359
360
361
361
361
362
362
362
366
368
370
372
375
376
376
377
377
377
379
379
379
380
380
381
382
382
383
385
387
389
390
390
393
396
397
398
399
400
401
401
403
405
405
406
406
408
409
410
414
415
418
418
420
421
421
421
421
422
423
423
424
424
425
426
426
428
428
428
429
429
429
429
430
431
431
433
433
433
434
436
438
439
440
440
441
443
444
444
444
446
446
447
448
451
453
453
454
454
454
455
455
458
459
461
461
461
462
462
462
464
465
466
468
469
469
469
470
470
471
473
474
474
474
475
476
477
478
479
480
480
481
484
485
486
487
488
488
490
490
490
491
491
491
493
494
494
496
496
496
498
498
500
500
503
504
504
505
506
508
509
509
511
511
513
514
516
516
517
518
519
520
521
522
522
523
523
524
525
525
526
527
529
530
532
533
533
534
534
535
538
538
541
542
542
543
547
547
548
549
551
553
555
556
557
557
560
561
561
561
562
562
563
564
565
565
566
567
569
571
572
573
573
573
574
575
575
576
577
577
578
579
580
585
586
587
587
588
588
592
595
596
596
596
597
597
597
597
598
600
600
600
601
602
603
603
605
605
609
609
609
610
610
611
613
615
615
617
618
620
621
623
624
624
625
625
625
626
627
627
628
629
629
629
633
633
633
634
635
635
635
635
636
638
639
640
641
642
643
644
645
646
647
647
648
648
649
651
653
654
654
655
656
656
658
659
660
660
661
661
663
664
665
665
665
667
667
668
668
668
669
669
671
673
673
674
674
675
678
678
678
680
682
682
683
683
684
685
685
688
689
690
691
694
694
695
695
696
699
699
700
700
703
703
704
705
708
708
709
709
713
713
715
718
719
720
723
723
724
724
726
728
729
730
731
732
734
734
735
737
737
737
740
740
740
742
743
743
744
745
745
746
747
747
749
751
752
754
756
757
758
758
760
761
761
761
762
763
764
768
768
769
772
773
774
774
776
779
780
781
782
784
784
784
785
785
785
786
786
786
787
787
791
791
792
792
793
793
793
795
796
798
798
798
799
800
801
803
805
806
808
809
811
812
812
813
814
815
815
816
816
816
817
817
818
818
818
820
820
821
822
823
823
825
825
826
828
828
828
829
830
830
831
832
832
833
833
834
834
834
835
836
837
839
841
842
842
842
844
844
845
845
846
846
847
848
848
848
849
850
851
852
853
854
855
855
857
863
863
863
864
866
866
867
867
868
868
871
871
872
874
874
874
875
875
876
876
877
878
878
881
883
884
885
886
888
888
888
889
889
889
890
890
892
893
896
897
897
897
899
901
901
903
905
905
907
910
910
911
913
915
918
925
926
926
927
927
928
929
929
931
931
931
931
932
932
934
935
937
938
939
940
943
944
945
947
949
950
950
950
950
951
953
953
954
955
958
958
958
959
959
959
963
967
968
969
970
972
972
973
975
976
976
977
977
978
979
979
981
981
982
985
988
989
990
991
992
992
995
995
995
997
999
999
999
1000
